id;name;description;date_start;date_end;state
1;withdrawal Avon rich;payment matrices payment;2022-11-09;2022-11-08;TERMINER
2;deposit;bifurcated virtual;2022-11-09;2022-11-08;EN_COURS
